-3.460264210135059471e-01 4.523547419736771436e-01 -1.801899750248953103e+00 8.057423550902463205e+00 1.119903270057084086e+02 3.639238368370517063e-01 4.359931451749318398e+01 -3.118680884637388218e+01 1.905477960808105609e+00 -2.035020303804364517e+02 8.576467178247757772e+01 -6.284897619632536792e-01 1.830325910682093715e+00 -1.840717491688920120e+02 2.002476190008384282e+00 9.673817662384898153e-01 1.319197296571134714e+01 2.385383994408095987e+01
5.521566809498443806e-01 2.704955296662825970e-01 2.368325236237405651e+00 -4.911322172855540069e-01 3.007848616304890044e+01 -1.916247321014287630e+00 4.469880754185938443e+00 3.842044366075876738e+00 5.615244757678691245e-01 5.549190993985477860e+01 -4.165045076241749200e+01 2.024136817336293692e+00 3.917762551139805094e+00 8.243288272659931692e+01 1.139095443825208998e+00 -1.725533421744261986e+01 -1.511260321808477443e+02 -4.916234052517204911e-01
-1.728042435080600070e-01 -6.255221969437074758e-02 -8.955976607390417898e-01 3.907274176497410156e+00 -5.407836765295829906e+00 5.089017764919122611e-01 -1.429410155850275102e-02 -2.631638173569207595e+01 -8.426616855295447628e-02 -1.594748731935994499e+02 -6.484641827200447040e+01 -1.866215733991691605e+00 -1.995464126587906506e+00 2.936817894713946941e+01 4.041275231329419793e-01 -5.401932907433434572e+00 3.117665557588107816e+01 7.925027025786970825e+00
3.882610906302474074e+00 2.057323122949310523e+00 1.915105879824088531e+00 -1.176884382297788711e+01 -1.058416182235775835e+02 -3.213459997515573652e-01 -6.415725435097495222e+01 7.103159408333436886e+01 3.187375161478762209e+00 -1.619003866124789965e+02 -8.723189312818627172e+01 -1.202091067336398034e+01 7.440101481849816789e-01 -7.468859094874032678e+01 3.518794416979559259e+01 -4.501207580866599223e+00 -3.265569550028627077e+01 1.113239435870287153e+01
4.727695057310294935e-01 3.440658857771640156e-01 4.747678464612041793e-01 -9.302269775644735006e+00 -1.243811485745528955e+01 1.714938455442471116e-02 1.292465313274286132e+01 2.468052583179472848e+01 1.014020501888809633e+02 1.451614436029681485e+02 -1.278323350217668377e+02 5.593080272790994734e+00 1.082628202989305919e+02 1.019036131395539684e+02 1.228674289628493632e+01 -5.153121160226501907e+00 5.098180675286478447e+00 8.506698724180368210e-01
-2.318759958303460156e+00 -5.046092171554472650e-01 -1.279921797333807021e+01 -6.756501136034833266e+00 -1.459958676821307577e+01 3.051885636773578199e+02 -1.805212546274706824e+02 -7.557697098489211385e+01 1.899854231401396365e-01 -2.202268452672487911e+02 9.350490530413108559e+01 -2.033926126801261702e+01 -7.330078021913721820e-01 -4.362927956014847553e+01 -2.698748512150082601e-01 -7.742721020455475411e+01 1.496387686146956320e+01 1.847089316265275727e+01
3.779467995704405836e-01 3.086833999291777042e-01 -6.396098528331289890e-02 -1.118121479912417504e+00 9.825459310489929976e+01 -3.593958492262385174e-01 -5.259832527960195137e+01 -7.376559043042441033e+01 9.858513318296131533e-01 -1.745063669856954647e+01 2.864040858409771673e+01 2.428202323048494690e-02 1.243066215432195207e+02 -1.689589386807624862e+02 1.247545081463555361e+00 -1.421101686079023452e+01 -3.875869334231992269e+01 2.512886713098326563e+00
-2.761020121291930529e-01 -8.507559464796128623e-02 -5.499535486942221940e-01 -9.970507400357440930e-02 2.084096517477104626e+01 3.267975232756540893e-01 1.594408684395513864e+00 1.438701865450690676e+00 -1.321553758065120154e-01 -1.227360695126617713e+02 -5.150147963524999284e+01 -1.528444547553925448e-01 -1.530846346058969132e-01 -1.487239844175033738e+02 -4.310991774118406172e-01 -1.299547756092727324e+00 -6.928647559230149966e+01 1.268241050693908578e+00
3.216664294175960670e+00 1.085151712116412037e+00 -4.287659280876270174e+01 -1.566083222975422551e+01 -3.821285835381294049e+01 2.679171182523284642e+02 9.125174197260371045e+00 -1.035983046307441242e+02 -4.320931627645294704e+00 -1.118178891850197232e+01 -1.185063420971991803e+02 -1.875276099875116342e+00 -1.975279022457568923e+00 -1.696715192194714561e+01 -5.278209108046641340e+00 4.232702803387399237e-01 7.723195253630112056e+00 -9.926004607786728329e+00
6.851669082983334880e-01 4.467150921584754353e-01 -5.847538379096552941e-01 -3.296017548972639544e-01 -1.046170229270410914e+02 -4.575089910294836276e-02 -5.362977343203986003e+00 2.854047952513341713e+01 8.290714611034935011e-01 -1.826607394879020205e+02 -9.355929570782026872e+01 -9.840837245936013389e+00 -3.534257095073772614e+00 -1.004518917030779193e+02 3.760296466018175354e-01 1.178966321345787271e+01 3.148512258055972168e+01 -2.654454427792665072e+01
2.601082154548113867e-01 1.620482574069411486e-01 -1.298154318291199205e+00 4.484270305932183120e+00 1.638325882422363122e+01 4.694915672219231451e-01 6.514373749457976537e+00 -1.815787398216095028e+01 4.188390706861645774e-02 -3.000120547276256744e+01 -8.403108483625582892e+01 -1.921254886507256066e+00 2.919654340246592983e-01 9.356083354505305749e+01 7.922164965430644745e-01 -5.957077743894265698e-01 -9.602202189358301609e+01 3.222327075662941187e+00
4.158345439136755806e-01 1.589895492895246676e+00 -8.892961341784011609e+01 -3.332421861959995735e-02 5.179420927156648702e+01 1.080828690481288561e+02 -1.061181001862720485e+01 -1.706614346759856744e+02 2.507931126844556502e+02 -2.195704922747569732e-01 1.880261726703442946e+02 6.103288945907099361e+00 -7.873585893503743938e-01 -5.744720493710079978e+01 1.017811384138134212e+00 1.620084506873491037e+01 1.452931651919171063e+00 -1.104961301751696467e+01
1.050736595001572349e+00 8.417021672409975563e-01 3.793431787156180945e+01 -1.709344839388725745e+01 8.940738483779899326e+00 3.635442893872886660e-01 -1.319977864424440206e+01 3.828342291969769917e+01 -1.256604813321553937e+00 1.671154643625859819e+02 -1.412926316696743356e+01 -8.882650724947072973e+00 9.804341099480796684e-01 6.482096884932521164e+01 -6.536689404330345843e-01 -2.032002436283584856e+01 4.775980750355138582e+01 1.116722522298281604e+02
-4.234777821761490646e-01 -4.083859168662243994e-02 3.333947911000292308e+00 -8.010514514096554350e+00 -6.610701081800829115e+01 -5.358592761112820568e+01 -1.755727760405684790e-01 7.365535866437961943e+01 1.151342732412763610e+02 4.616472629975130815e+01 6.218736827504674380e+01 3.114156913017782191e+00 -6.190484879894756709e+00 1.032119920910554498e+02 9.422703331264925453e+01 -5.076268444689085868e+01 1.096992746057518886e+01 7.323375723463276366e+00
7.153898876552923225e-01 3.092877755531999173e-01 -5.464161107115853566e-01 2.536107564694454641e+00 -6.951486987108275173e+01 6.024095124984339966e-01 4.986678265754745931e-01 1.201577689313241493e+01 3.577741495762630231e-01 -1.038084017463188218e+02 -2.508590505407127580e+01 1.116698742929077115e+00 -5.273571161807215191e+00 1.317730230477474151e+01 2.138670887841829238e+00 -1.347218443884215588e+01 2.711985173879532596e+01 1.783674899412732273e+01
-2.716853666732353401e-01 -5.237975921001837912e-03 -1.318047951269022855e+00 -6.980095689479592913e+00 2.841513508822603740e+01 2.431997071029133317e-01 1.869148401361821072e+02 -5.101100768540510089e+00 -3.490144248820831185e-01 7.041712473480242807e+01 3.289102350604365199e+01 -5.008117662563020822e+00 5.460204391070760721e+00 -3.620711512083605754e+01 2.218167859122983643e-01 -4.973299344335203820e+00 4.488396726975329898e+01 1.302313128069321024e+01
1.368779009120650036e-01 1.399905329545102495e-01 -7.624818837740170441e-01 6.157844142151594369e+00 -5.819960443663386940e+00 -4.039439190914578814e-01 1.317583479129690893e+01 1.116459662058524138e+01 2.114071978248773520e-01 1.331931661132249474e+02 -7.587535347193090729e+01 -1.267955062430254021e+00 3.165234578991136249e+00 -4.185743935611724709e+01 2.733045150447614355e-02 8.526308478003997493e+00 -5.984468781030108175e+01 -9.141455699974782689e+00
1.310946675455086847e+02 1.199568558340819546e+00 -1.787388003451022833e-01 -1.230545752760750489e+01 6.485671235302233129e+01 9.104454704818472077e-01 1.208160574426254641e+01 -8.047583574023201436e+01 -2.487135498012821855e-01 6.393665036264623325e+01 7.516198760351090868e+01 3.006173280629677258e+00 4.510431717129731233e+00 4.179726621749674820e+01 3.841298461993731905e+01 -2.243077729717620983e+00 3.728941625498379864e+01 -7.570444165943169601e+00
2.988861378501236121e+00 1.477226828206468889e+00 3.650621633991529280e-01 -1.018158054276683977e+01 -6.513105110088127425e+00 3.958491438470704282e-01 1.522676340996854094e+01 3.508113056021054632e+01 8.034667669584790062e+00 1.534644849548704393e+01 2.613797392062461995e+02 6.006506763129061177e+00 8.960114462018192727e-01 1.017360055353975099e+02 4.149624630129208924e+01 1.214821003267980792e+01 -3.482201890167373648e+01 -8.963869228991827143e+00
-5.534214228406091340e-01 -1.986811508237027180e-01 -5.232480135083585893e+00 -7.000095660949322784e+00 3.262977622144868750e+00 1.216269148862137826e+02 -2.580725939118186485e+00 4.644083985551872473e+01 -6.397940642656538834e-01 2.191078186510861769e+01 2.781558295067124575e+01 8.268679988287990668e+00 -2.285947048943139492e+00 -5.913424557824901484e+01 -1.259185381147611471e+00 -1.409078242007469157e+02 -6.022117951414840853e+00 8.588979482575533453e+00
